4294967294,30
4294967294,1237
4294967294,1236
4294967294,1234
4294967294,1233
4294967294,1228
4294967294,1217
4294967294,1062
4294967294,1060
4294967294,1059
4294967294,1058
4294967294,1057
4294967294,60
4294967294,430
4294967294,51
4294967294,25
4294967294,26
4294967294,93
4294967294,95
4294967294,67
4294967294,81
4294967294,82
4294967294,83
4294967294,11
4294967294,68
4294967279,231
4294967293,131
4294967293,130
4294967293,129
4294967293,128
4294967293,127
4294967293,126
4294967293,125
4294967293,124
4294967293,123
4294967293,122
4294967293,121
4294967293,120
4294967293,119
4294967293,118
4294967293,117
4294967293,116
4294967293,115
4294967293,114
4294967293,113
4294967293,112
4294967293,111
4294967293,110
4294967293,109
4294967293,108
4294967293,107
4294967293,106
4294967293,105
4294967293,104
4294967293,103
4294967293,102
4294967293,101
4294967293,100
4294967293,99
4294967293,98
4294967293,97
4294967293,96
4294967293,95
4294967293,94
4294967293,93
4294967293,92
4294967293,91
4294967293,90
4294967293,89
4294967293,87
4294967293,86
4294967293,85
4294967293,84
4294967293,83
4294967293,82
4294967293,81
4294967293,80
4294967293,79
4294967293,78
4294967293,77
4294967293,76
4294967293,75
4294967293,74
4294967293,73
4294967293,72
4294967293,71
4294967293,70
4294967293,69
4294967293,68
4294967293,67
4294967293,66
4294967293,65
4294967293,64
4294967293,63
4294967293,62
4294967293,61
4294967293,60
4294967293,59
4294967293,58
4294967293,57
4294967293,56
4294967293,55
4294967293,54
4294967293,53
4294967293,52
4294967293,51
4294967293,50
4294967293,49
4294967293,48
4294967293,47
4294967293,46
4294967293,45
4294967293,44
4294967293,43
4294967293,42
4294967293,41
4294967293,40
4294967293,39
4294967293,38
4294967293,37
4294967293,36
4294967293,35
4294967293,34
4294967293,33
4294967293,32
4294967293,31
4294967293,30
4294967293,29
4294967293,28
4294967293,27
4294967293,26
4294967293,25
4294967293,24
4294967293,23
4294967293,22
4294967293,21
4294967293,20
4294967293,19
4294967293,18
4294967293,17
4294967293,16
4294967293,15
4294967293,14
4294967293,13
4294967293,12
4294967293,11
4294967293,10
4294967293,9
4294967293,8
4294967293,7
4294967293,6
4294967293,5
4294967293,4
4294967293,3
4294967278,447
4294967278,62
4294967278,57
4294967278,55
4294967278,54
4294967278,53
4294967278,52
4294967278,51
4294967278,50
4294967278,49
4294967278,47
4294967278,44
4294967278,42
4294967278,39
4294967278,38
4294967278,37
4294967278,32
4294967278,30
4294967278,28
4294967278,27
4294967278,26
4294967278,24
4294967278,23
4294967278,22
4294967278,21
4294967278,398
4294967278,18
4294967278,16
4294967278,15
4294967278,14
4294967278,13
4294967278,0
4294967278,12
4294967278,11
4294967278,10
4294967278,9
4294967278,8
4294967278,7
4294967278,6
4294967278,5
4294967278,4
4294967279,132
4294967279,131
4294967279,130
4294967279,129
4294967279,128
4294967279,127
4294967279,126
4294967279,125
4294967279,124
4294967279,123
4294967279,122
4294967279,121
4294967279,118
4294967279,116
4294967279,114
4294967279,174
4294967279,113
4294967279,112
4294967279,111
4294967279,110
4294967279,109
4294967279,108
4294967279,104
4294967279,102
4294967279,100
4294967279,99
4294967279,98
4294967279,96
4294967279,95
4294967279,93
4294967279,89
4294967279,80
4294967279,424
4294967279,67
4294967279,55
4294967279,48
4294967279,497
4294967279,0
4294967279,427
4294967279,319
4294967279,42
0,5
4294967278,40
4294967278,326
4294967294,6
4294967279,145
4294967279,144
4294967279,229
2301,7
4294967278,388
4294967279,391
4294967279,227
2301,6
2301,5
2301,4
2301,3
2301,2
2301,1
4294967279,240
4294967279,234
4294967278,2
4294967278,370
2298,6
2298,5
2298,4
2298,3
2298,2
2298,1
4294967294,454
4294967294,462
4294967279,397
4294967278,185
2295,6
4294967279,186
2295,5
2295,4
2295,3
2295,2
2295,1
4294967279,219
4294967279,217
2292,5
2292,4
2292,3
2292,2
2292,1
4294967278,301
4294967279,215
4294967279,155
4294967278,149
4294967278,144
4294967279,143
4294967278,368
4294967278,138
4294967279,133
4294967278,133
2288,5
4294967278,268
4294967278,282
2288,4
2288,3
2288,2
2288,1
4294967278,372
4294967278,432
4294967278,366
4294967278,354
2287,5
2287,4
2287,3
2287,2
2287,1
4294967279,392
4294967278,352
4294967278,365
4294967279,254
4294967279,253
4294967279,250
2285,5
4294967279,244
2285,4
4294967278,242
2285,3
2285,2
2285,1
4294967278,237
4294967279,230
4294967278,232
2283,6
4294967279,226
2283,5
2283,4
2283,3
2283,2
2283,1
4294967279,317
4294967278,256
2282,5
2282,4
2282,3
2282,2
2282,1
4294967278,209
4294967294,468
4294967294,180
4294967294,109
4294967294,397
4294967278,202
2281,5
4294967278,200
2281,4
2281,3
2281,2
2281,1
4294967279,486
2280,5
2280,4
2280,3
2280,2
2280,1
4294967279,192
2279,4
2279,3
2279,2
2279,1
4294967279,189
4294967279,316
4294967278,173
4294967279,314
4294967278,172
4294967279,461
4294967278,410
4294967279,168
4294967278,166
4294967279,167
4294967278,162
4294967279,163
4294967278,161
4294967279,159
4294967278,156
4294967294,1155
4294967294,1085
4294967294,1070
4294967294,173
4294967294,170
4294967279,511
4294967278,334
4294967278,340
4294967278,437
4294967278,350
4294967278,316
4294967278,422
4294967278,275
4294967278,431
4294967278,317
4294967279,292
4294967279,120
4294967279,119
4294967279,117
4294967279,115
4294967279,107
4294967279,106
4294967279,105
4294967279,103
4294967279,101
4294967279,490
4294967279,94
4294967279,388
4294967279,92
4294967279,91
4294967279,90
4294967279,87
4294967279,86
4294967279,85
4294967279,79
4294967279,78
4294967279,76
4294967279,285
4294967279,276
4294967279,54
4294967279,53
4294967278,389
4294967279,402
4294967279,146
4294967279,135
2278,7
4294967278,231
4294967279,312
2278,6
2278,5
2278,4
2278,3
2278,2
2278,1
4294967294,456
4294967279,228
4294967278,214
4294967278,363
2275,6
2275,5
2275,4
2275,3
2275,2
2275,1
4294967279,310
4294967278,194
4294967279,477
4294967279,191
2272,6
4294967278,184
2272,5
4294967279,185
2272,4
2272,3
2272,2
2272,1
4294967279,181
4294967278,177
4294967278,170
4294967278,171
4294967279,172
4294967278,358
4294967278,160
2269,5
2269,4
2269,2
2269,1
4294967278,357
4294967278,330
4294967279,148
4294967279,279
4294967278,276
4294967278,136
4294967279,136
2265,5
2265,4
2265,3
2265,2
2265,1
2264,5
2264,4
4294967279,393
2264,3
2264,2
2264,1
4294967278,321
4294967279,421
4294967278,351
4294967279,420
2262,5
2262,4
2262,3
2262,2
2262,1
4294967279,237
4294967278,236
4294967279,236
4294967278,234
2260,6
4294967278,224
2260,5
2260,4
2260,3
2260,2
2260,1
4294967279,478
4294967279,214
2259,5
2259,4
2259,3
2259,2
2259,1
4294967278,208
4294967278,348
4294967278,303
2258,5
2258,4
2258,3
2258,2
2258,1
4294967278,196
4294967278,346
2257,5
2257,4
2257,3
2257,2
2257,1
2256,4
2256,3
2256,2
2256,1
4294967279,462
4294967279,384
4294967279,431
4294967279,492
4294967278,314
4294967278,433
1268,3
1275,3
4294967279,175
4294967294,127
4294967294,12
4294967294,18
1283,5
4294967294,1159
4294967294,1156
4294967294,1153
4294967294,1152
4294967294,1084
4294967294,1080
4294967294,1079
4294967294,1075
4294967294,1074
4294967294,1067
4294967294,401
4294967294,185
4294967294,162
4294967294,161
1283,4
1289,7
1273,4
1273,5
1275,5
1268,4
1268,5
1286,6
1289,6
1276,4
1280,4
1275,4
4294967278,411
4294967278,345
4294967278,385
4294967278,393
4294967279,482
4294967279,481
4294967279,399
4294967279,484
4294967279,97
4294967279,416
4294967279,64
4294967279,475
4294967279,500
4294967279,483
4294967279,304
4294967278,290
2255,7
4294967279,306
4294967278,157
2255,6
2255,5
4294967279,152
2255,4
2255,3
2255,2
2255,1
4294967278,284
4294967294,386
4294967294,460
4294967294,508
4294967294,402
2252,6
2252,5
2252,4
2252,3
2252,2
2252,1
4294967278,278
4294967278,339
4294967278,401
4294967278,252
4294967278,250
2249,6
2249,5
2249,4
2249,3
2249,2
2249,1
4294967294,176
4294967278,222
4294967278,220
4294967278,218
4294967279,213
4294967278,338
4294967279,207
2246,5
2246,4
2246,3
2246,2
2246,1
4294967278,203
4294967278,198
4294967278,197
4294967279,193
4294967279,190
4294967278,336
4294967279,187
4294967279,184
4294967279,182
4294967278,179
4294967278,178
2242,5
2242,4
2242,3
2242,2
2242,1
4294967279,411
2241,5
2241,4
2241,3
2241,2
2241,1
4294967278,151
2239,5
2239,4
2239,3
2239,2
2239,1
4294967278,140
2237,6
4294967294,160
2237,5
4294967279,290
2237,4
2237,3
2237,2
2237,1
4294967279,271
2236,5
4294967278,266
4294967278,265
2236,4
2236,3
2236,2
2236,1
4294967279,293
4294967279,267
4294967278,341
4294967294,1
4294967294,1065
4294967294,1154
4294967279,259
2235,5
2235,4
2235,3
2235,2
2235,1
4294967278,229
2234,5
2234,4
2234,3
2234,2
2234,1
2233,4
2233,3
2233,2
2233,1
4294967278,384
4294967278,332
4294967279,452
4294967278,329
4294967279,222
4294967279,243
4294967278,428
4294967278,367
4294967278,305
4294967278,247
4294967278,442
4294967278,439
4294967278,434
4294967278,361
4294967278,325
4294967279,418
4294967279,88
4294967279,471
4294967279,297
4294967279,405
4294967279,465
4294967279,260
4294967279,423
4294967279,288
2232,7
4294967278,328
2232,6
2232,5
2232,4
2232,3
2232,2
2232,1
4294967278,369
4294967278,192
4294967294,1420
4294967294,163
4294967279,183
4294967279,286
2229,6
2229,5
2229,4
2229,3
2229,2
2229,1
4294967279,166
4294967294,399
4294967294,178
4294967294,385
4294967294,421
4294967294,167
4294967294,183
4294967294,398
4294967294,406
4294967294,415
4294967294,599
4294967294,1083
4294967294,118
4294967294,458
4294967294,408
4294967294,410
4294967279,162
4294967278,154
4294967278,142
2226,6
2226,5
2226,4
4294967278,143
2226,3
2226,2
2226,1
4294967279,140
4294967278,134
4294967279,272
4294967294,472
4294967279,282
4294967279,264
2223,5
2223,4
2223,2
2223,1
4294967279,281
4294967278,324
4294967278,323
4294967278,322
4294967279,390
4294967278,255
4294967278,254
4294967278,319
4294967278,318
4294967278,251
4294967278,248
4294967278,246
4294967278,244
4294967278,249
4294967279,268
2219,5
2219,4
2219,3
2219,2
2219,1
4294967294,1431
4294967278,212
4294967278,211
4294967278,210
2218,5
2218,4
2218,3
2218,2
2218,1
4294967278,201
2216,5
2216,4
2216,3
2216,2
2216,1
4294967278,187
4294967278,186
2214,6
2214,5
4294967279,179
2214,4
2214,3
2214,2
2214,1
4294967279,178
4294967294,471
4294967278,176
4294967278,440
2213,5
2213,4
4294967279,171
2213,3
2213,2
2213,1
4294967279,170
4294967279,169
4294967278,245
4294967279,451
4294967279,165
2212,5
4294967279,161
2212,4
4294967279,160
2212,3
2212,2
2212,1
4294967294,395
4294967294,466
4294967294,112
2211,5
4294967279,154
4294967279,153
2211,4
2211,3
2211,2
2211,1
4294967294,511
4294967279,149
2210,4
2210,3
2210,2
2210,1
4294967279,449
4294967294,1076
4294967278,331
4294967279,256
4294967278,415
4294967278,349
4294967278,291
4294967278,302
4294967278,425
4294967278,441
4294967278,61
4294967278,243
4294967278,56
4294967278,48
4294967278,46
4294967278,45
4294967278,43
4294967278,41
4294967278,360
4294967278,36
4294967278,35
4294967278,34
4294967278,33
4294967278,31
4294967278,29
4294967278,25
4294967278,17
4294967278,299
4294967279,396
4294967279,435
4294967279,239
4294967279,82
4294967279,75
4294967279,66
4294967279,61
4294967279,56
4294967279,46
4294967279,45
4294967279,278
4294967279,443
4294967279,457
4294967278,435
4294967278,20
4294967278,19
4294967279,134
4294967278,280
2209,7
2209,6
2209,5
2209,4
2209,3
2209,2
2209,1
4294967279,447
4294967278,240
4294967279,238
2206,6
2206,5
2206,4
2206,3
2206,2
2206,1
4294967279,445
4294967279,210
4294967279,208
4294967278,206
4294967278,296
4294967279,444
4294967279,197
4294967278,195
4294967279,196
4294967278,188
2203,6
2203,5
2203,4
2203,3
2203,2
2203,1
4294967278,183
4294967278,182
4294967278,180
4294967279,177
4294967278,175
4294967279,176
4294967294,481
4294967294,409
4294967294,416
4294967294,191
4294967278,167
2200,5
2200,4
2200,2
2200,1
4294967279,441
4294967278,241
4294967279,439
4294967278,239
4294967279,442
2196,5
4294967294,1157
2196,4
2196,3
2196,2
2196,1
4294967278,235
4294967279,270
4294967279,263
2195,5
2195,4
2195,3
2195,2
2195,1
4294967279,437
2193,5
2193,4
2193,3
2193,2
2193,1
4294967278,238
2191,6
4294967294,480
4294967279,436
2191,5
2191,4
4294967278,230
2191,3
2191,2
2191,1
4294967278,228
2190,5
2190,4
2190,3
2190,2
2190,1
4294967279,216
4294967278,227
4294967278,294
4294967278,207
4294967279,209
2189,5
4294967279,413
2189,4
4294967279,206
2189,3
2189,2
2189,1
4294967294,396
4294967294,1422
4294967294,1425
4294967294,116
4294967294,175
4294967294,469
4294967294,479
4294967279,202
4294967294,389
4294967279,487
2188,5
4294967278,364
2188,4
2188,3
2188,2
2188,1
4294967279,225
2187,4
4294967279,195
2187,3
2187,2
2187,1
4294967279,430
4294967278,193
4294967279,194
4294967294,387
4294967278,225
4294967278,394
4294967278,277
4294967278,223
4294967279,433
4294967278,221
4294967278,132
4294967278,129
4294967278,128
4294967278,396
4294967278,378
4294967278,120
4294967278,119
4294967278,118
4294967278,113
4294967278,109
4294967278,103
4294967278,102
4294967278,99
4294967278,95
4294967278,92
4294967278,443
4294967278,60
4294967278,313
4294967278,374
4294967278,293
4294967278,217
4294967278,215
4294967278,292
4294967279,313
4294967279,409
4294967279,318
4294967279,493
4294967279,467
4294967279,417
4294967279,223
4294967279,74
4294967279,68
4294967279,60
4294967279,403
4294967279,456
4294967279,415
4294967279,50
4294967279,43
4294967279,40
4294967279,37
4294967279,36
4294967279,31
4294967279,20
4294967279,18
4294967279,15
4294967279,63
4294967278,219
2186,7
4294967278,342
2186,6
2186,5
2186,4
2186,3
2186,2
2186,1
4294967278,153
4294967294,390
4294967294,1160
4294967294,1081
4294967279,429
2183,6
2183,5
2183,4
2183,3
2183,2
2183,1
4294967279,252
4294967279,287
4294967279,266
4294967279,265
4294967279,262
4294967278,258
4294967278,392
4294967279,258
4294967279,386
2180,6
4294967278,253
2180,5
2180,4
2180,3
2180,2
2180,1
4294967279,246
4294967279,242
4294967278,445
4294967279,426
4294967278,213
4294967279,211
2177,5
2177,4
2177,2
2177,1
4294967278,204
4294967279,205
4294967279,203
4294967278,199
4294967278,444
4294967294,1082
4294967294,453
4294967294,509
4294967279,432
2173,5
2173,4
2173,3
2173,2
2173,1
4294967279,261
4294967279,173
2172,5
2172,4
2172,3
2172,2
2172,1
2170,5
2170,4
2170,3
2170,2
2170,1
4294967279,425
4294967278,147
4294967279,147
4294967278,146
2168,6
4294967279,141
4294967278,141
2168,5
4294967278,139
4294967279,139
2168,4
2168,3
2168,2
2168,1
4294967279,137
2167,5
4294967279,291
2167,4
2167,3
2167,2
2167,1
4294967278,271
4294967279,274
4294967278,270
4294967279,273
4294967279,269
4294967278,264
2166,5
2166,4
2166,3
2166,2
2166,1
4294967278,261
4294967278,259
2165,5
4294967278,380
2165,4
2165,3
2165,2
2165,1
4294967279,419
2164,4
2164,3
2164,2
2164,1
4294967294,441
4294967294,115
4294967294,510
4294967294,1077
4294967279,311
4294967278,404
4294967294,392
4294967294,1423
4294967294,114
4294967294,426
4294967294,473
4294967294,474
4294967278,131
4294967278,130
4294967278,359
4294967278,126
4294967278,125
4294967278,124
4294967278,123
4294967278,122
4294967278,121
4294967278,116
4294967278,114
4294967278,112
4294967278,108
4294967278,355
4294967278,107
4294967278,106
4294967278,105
4294967278,412
4294967278,104
4294967278,101
4294967278,100
4294967278,285
4294967278,98
4294967278,97
4294967278,390
4294967278,93
4294967278,91
4294967278,90
4294967278,89
4294967278,87
4294967278,86
4294967278,85
4294967278,84
4294967278,82
4294967278,80
4294967278,79
4294967278,78
4294967278,77
4294967278,76
4294967278,424
4294967278,72
4294967278,70
4294967278,286
4294967278,68
4294967278,67
4294967278,66
4294967278,63
4294967278,327
4294967278,320
4294967278,59
4294967278,58
4294967278,421
4294967278,344
4294967278,287
4294967279,84
4294967279,83
4294967279,81
4294967279,446
4294967279,77
4294967279,73
4294967279,72
4294967279,71
4294967279,65
4294967279,59
4294967279,58
4294967279,52
4294967279,51
4294967279,401
4294967279,49
4294967279,407
4294967279,157
4294967279,41
4294967279,39
4294967279,315
4294967279,34
4294967279,33
4294967279,32
4294967279,30
4294967279,28
4294967279,26
4294967279,25
4294967279,138
4294967279,23
4294967279,22
4294967279,21
4294967279,17
4294967279,14
4294967279,13
4294967279,387
4294967279,11
4294967279,10
4294967278,111
4294967278,279
4294967294,1430
4294967278,110
2163,7
4294967278,96
2163,6
2163,5
2163,4
2163,3
2163,2
2163,1
4294967278,73
4294967278,333
2160,6
2160,5
2160,4
2160,3
2160,2
2160,1
4294967279,485
4294967278,164
4294967279,410
4294967279,158
2157,6
2157,5
2157,4
2157,3
2157,2
2157,1
4294967278,145
4294967278,269
2154,5
2154,4
2154,2
2154,1
4294967278,382
4294967279,414
4294967278,127
4294967279,255
4294967278,117
4294967279,248
4294967278,115
2150,5
2150,4
2150,3
2150,2
2150,1
4294967279,232
4294967278,347
2149,5
2149,4
2149,3
2149,2
2149,1
4294967278,94
4294967278,83
4294967294,465
4294967294,412
4294967294,463
4294967294,1073
4294967279,204
2147,5
4294967279,199
2147,4
2147,3
2147,2
2147,1
4294967278,191
4294967278,190
2145,6
4294967278,74
2145,5
2145,4
2145,3
2145,2
2145,1
4294967279,69
2144,5
4294967279,180
2144,4
2144,3
2144,2
2144,1
4294967278,64
4294967294,388
4294967279,412
4294967279,408
4294967279,62
4294967294,1068
2143,5
2143,4
2143,3
2143,2
2143,1
2142,5
2142,4
2142,3
2142,2
2142,1
4294967279,233
4294967278,159
4294967294,17
4294967294,99
4294967294,76
2141,4
2141,3
2141,2
2141,1
0,7
4294967294,0
4294967294,29
4294967294,1072
4294967294,186
4294967294,28
4294967294,418
4294967278,260
4294967279,389
4294967294,46
4294967294,120
4294967294,38
4294967294,37
4294967279,277
4294967294,107
4294967294,89
4294967279,296
2140,7
4294967278,343
4294967279,289
4294967278,71
4294967278,65
4294967278,88
4294967279,44
4294967279,38
4294967279,19
4294967279,6
4294967279,406
2140,6
2140,5
2140,4
2140,3
2140,2
2140,1
4294967279,8
4294967279,5
4294967279,295
4294967278,387
2137,6
2137,5
2137,4
2137,3
2137,2
2137,1
4294967278,262
4294967278,226
4294967279,300
4294967279,308
4294967278,205
4294967294,448
2134,6
4294967279,201
2134,5
2134,4
2134,3
2134,2
2134,1
4294967279,188
2131,5
2131,4
2131,2
2131,1
4294967278,436
4294967279,221
4294967278,168
4294967278,165
4294967279,283
4294967279,47
4294967278,152
4294967279,150
4294967278,148
2127,5
4294967279,29
2127,4
2127,3
2127,2
2127,1
4294967278,407
4294967279,24
4294967278,135
2126,5
2126,4
2126,3
2126,2
2126,1
4294967279,9
2124,5
2124,4
2124,3
2124,2
2124,1
4294967278,430
4294967279,275
2122,6
4294967279,400
2122,5
2122,4
2122,3
2122,2
2122,1
4294967279,470
2121,5
2121,4
2121,3
2121,2
2121,1
4294967279,220
2120,5
2120,4
2120,3
2120,2
2120,1
4294967279,241
4294967279,212
2119,5
2119,4
2119,3
2119,2
2119,1
2118,4
2118,3
2118,2
2118,1
4294967278,427
4294967294,1429
4294967294,413
4294967294,179
4294967294,407
4294967294,1243
4294967294,420
4294967294,384
4294967294,1078
4294967294,411
4294967294,168
4294967294,425
4294967294,403
4294967294,459
4294967279,307
4294967278,426
4294967278,446
4294967278,81
4294967294,438
4294967278,353
4294967294,44
4294967294,2
4294967294,40
4294967294,41
4294967294,42
4294967278,289
4294967294,50
4294967294,91
4294967294,90
4294967294,87
4294967294,86
4294967294,85
4294967294,84
4294967294,419
4294967294,1246
4294967294,1245
4294967294,1086
4294967294,53
4294967294,393
4294967294,45
4294967294,1424
4294967294,36
4294967294,39
4294967294,96
4294967294,94
4294967294,9
4294967294,8
4294967279,398
4294967294,22
4294967294,5
4294967278,423
2117,7
4294967278,362
2117,6
2117,5
2117,4
2117,3
2117,2
2117,1
4294967279,156
4294967279,458
4294967294,190
4294967294,182
4294967278,419
2114,6
2114,5
2114,4
2114,3
2114,2
2114,1
4294967278,418
4294967278,417
4294967279,440
2111,6
2111,5
2111,4
2111,3
2111,2
2111,1
4294967278,416
4294967279,249
4294967294,478
2108,5
2108,4
2108,2
2108,1
4294967278,413
4294967279,218
4294967278,216
4294967279,395
4294967278,356
4294967278,75
4294967278,69
4294967278,174
4294967279,309
4294967279,70
4294967279,459
4294967279,57
4294967279,257
4294967279,302
4294967279,16
4294967279,438
4294967278,337
4294967279,385
2104,5
2104,4
2104,3
2104,2
2104,1
2103,5
2103,4
2103,3
2103,2
2103,1
4294967279,468
4294967294,113
4294967278,281
4294967278,409
4294967294,1428
4294967278,163
2101,5
4294967279,164
2101,4
2101,3
2101,2
2101,1
4294967278,158
4294967278,408
2099,6
4294967279,303
4294967278,406
2099,5
4294967279,151
4294967278,150
2099,4
2099,3
2099,2
2099,1
4294967294,477
4294967279,35
2098,5
2098,4
2098,3
2098,2
2098,1
4294967279,142
4294967279,27
4294967278,403
2097,5
2097,4
4294967278,272
2097,3
2097,2
2097,1
4294967294,476
2096,5
4294967278,402
4294967279,454
2096,4
2096,3
2096,2
2096,1
4294967279,12
2095,4
2095,3
2095,2
2095,1
4294967279,510
4294967279,7
4294967279,4
4294967279,505
4294967279,504
4294967278,371
4294967278,315
4294967279,294
4294967294,27
4294967294,391
4294967294,457
4294967294,405
4294967279,503
4294967278,335
4294967294,1427
4294967294,1426
4294967294,52
4294967294,43
4294967294,417
4294967294,475
4294967294,1166
4294967294,1421
4294967294,92
4294967294,88
4294967279,235
4294967279,502
4294967294,7
2094,7
4294967279,301
4294967278,400
2094,6
2094,5
2094,4
2094,3
2094,2
2094,1
4294967294,1158
4294967278,399
2091,6
2091,5
2091,4
2091,3
2091,2
2091,1
4294967279,501
4294967279,299
4294967278,169
2088,6
2088,5
2088,4
2088,3
2088,2
2088,1
2085,5
2085,4
2085,2
2085,1
4294967278,397
4294967294,1069
4294967278,263
4294967278,257
4294967279,498
2081,5
2081,4
2081,3
2081,2
2081,1
4294967294,184
4294967294,467
4294967294,461
4294967294,108
4294967294,110
2080,5
2080,4
2080,3
